0.10500001907348633
0.04340696334838867
0.023754119873046875
0.018269777297973633
0.024960041046142578
0.02314901351928711
0.018478870391845703
0.03172612190246582
0.05223822593688965
0.03582310676574707
0.018397808074951172
0.021008729934692383
0.0185699462890625
0.018459081649780273
0.02089405059814453
0.021533966064453125
0.03474593162536621
0.020167112350463867
0.026335954666137695
0.025093793869018555
0.029642820358276367
0.018840789794921875
0.019441843032836914
0.019882917404174805
0.01853799819946289
0.021594762802124023
0.0565180778503418
0.024852991104125977
0.023778915405273438
0.020229816436767578
0.018815994262695312
0.3132190704345703
0.033360958099365234
0.02408289909362793
0.03611183166503906
0.017906904220581055
0.018321990966796875
0.03596186637878418
0.019720077514648438
0.02152705192565918
0.021045207977294922
0.021860122680664062
0.06689596176147461
0.03849601745605469
0.02219104766845703
0.01986980438232422
0.01986098289489746
0.018639087677001953
0.018357276916503906
0.021722078323364258
0.019270896911621094
0.03986001014709473
0.025381803512573242
0.022558927536010742
0.018906116485595703
0.02077007293701172
0.023773908615112305
0.03339099884033203
0.023144006729125977
0.02053999900817871
0.019381999969482422
0.022594928741455078
0.02030324935913086
0.019433021545410156
0.019169092178344727
0.019556045532226562
0.04474782943725586
0.02461528778076172
0.06136274337768555
0.019084930419921875
0.018096923828125
0.018623828887939453
0.026475906372070312
0.019353866577148438
0.028037071228027344
0.03616619110107422
0.046838998794555664
0.020159006118774414
0.018336057662963867
0.02112412452697754
0.025506019592285156
0.0185701847076416
0.01951909065246582
0.02240586280822754
0.019547224044799805
0.020519256591796875
0.01925206184387207
0.02177906036376953
0.02088308334350586
0.021896839141845703
0.017616987228393555
0.02004718780517578
0.01858997344970703
0.01781296730041504
0.025758028030395508
0.02056097984313965
0.0234220027923584
0.01852130889892578
0.02039194107055664
0.022534847259521484
0.018593788146972656
0.019078969955444336
0.02837085723876953
0.018750905990600586
0.020089149475097656
0.030303001403808594
0.018270015716552734
0.01830601692199707
0.017750024795532227
0.020736217498779297
0.035009145736694336
0.022036075592041016
0.020221948623657227
0.019607067108154297
0.03125810623168945
0.025828838348388672
0.021476268768310547
0.020310163497924805
0.023350000381469727
0.01928877830505371
0.018789052963256836
0.025227785110473633
0.018368005752563477
0.019074678421020508
0.017915964126586914
0.020745038986206055
0.02303481101989746
0.029469966888427734
0.023270130157470703
0.019056320190429688
0.020029783248901367
0.020483970642089844
0.025176048278808594
0.02406001091003418
0.018453121185302734
0.02268385887145996
0.028766870498657227
0.026658058166503906
0.018770933151245117
0.02053093910217285
0.019769668579101562
0.021970748901367188
0.01735687255859375
0.017972946166992188
0.018427133560180664
0.017925024032592773
0.023557186126708984
0.024959087371826172
0.027467966079711914
0.02961897850036621
0.022257089614868164
0.023115158081054688
0.01792311668395996
0.018057823181152344
0.018283843994140625
0.018775224685668945
0.02051687240600586
0.022969961166381836
0.023519039154052734
0.018423080444335938
0.04427289962768555
0.018393278121948242
0.018321990966796875
0.01854228973388672
0.019176959991455078
0.019629240036010742
0.01822209358215332
0.018253803253173828
0.021815061569213867
0.021207809448242188
0.02392125129699707
0.027230024337768555
0.018435001373291016
0.017879009246826172
0.018077850341796875
0.020108938217163086
0.02154707908630371
0.022639989852905273
0.01920914649963379
0.018762826919555664
0.020233869552612305
0.021260976791381836
0.020709991455078125
0.018401145935058594
0.018123865127563477
0.019981861114501953
0.020557880401611328
0.020405054092407227
0.020979881286621094
0.019999027252197266
0.02004098892211914
0.034388065338134766
0.018774032592773438
0.021398067474365234
0.02889108657836914
0.019904136657714844
0.020519733428955078
0.026262998580932617
0.019063711166381836
0.038684844970703125
0.02277088165283203
0.01808309555053711
0.018147945404052734
0.023041963577270508
0.02135300636291504
0.02276468276977539
0.01991415023803711
0.01811671257019043
0.025146961212158203
0.018959760665893555
0.019500017166137695
0.019482851028442383
0.018236160278320312
0.030044078826904297
0.01862502098083496
0.018750905990600586
0.018926143646240234
0.026081085205078125
0.019623994827270508
0.02583789825439453
0.021104812622070312
0.018570899963378906
0.022733211517333984
0.03250408172607422
0.02050304412841797
0.018968820571899414
0.02720165252685547
0.05031704902648926
0.01891803741455078
0.018429994583129883
0.02104496955871582
0.024480104446411133
0.018836021423339844
0.02298712730407715
0.020563840866088867
0.040856122970581055
0.019667863845825195
0.020256996154785156
0.02744913101196289
0.020030975341796875
0.020404815673828125
0.023439884185791016
0.020630836486816406
0.021986007690429688
0.019404172897338867
0.023878812789916992
0.061509132385253906
0.01886606216430664
0.018766164779663086
0.02415013313293457
0.027043819427490234
0.0428769588470459
0.01900196075439453
0.01817607879638672
0.018220186233520508
0.03031611442565918
0.02178502082824707
0.017913818359375
0.017876863479614258
0.027192115783691406
0.02101922035217285
0.018219947814941406
0.02007126808166504
0.02100396156311035
0.025960206985473633
0.02736687660217285
0.04216313362121582
0.03644204139709473
0.02017998695373535
0.032283782958984375
0.05842995643615723
0.025017976760864258
0.026030778884887695
0.02150416374206543
0.030215978622436523
0.018306970596313477
0.03228402137756348
0.027698993682861328
0.019870996475219727
0.024909257888793945
0.020524024963378906
0.022656917572021484
0.02339911460876465
0.019631147384643555
0.019268035888671875
0.026234865188598633
0.022019147872924805
0.10700726509094238
0.02490067481994629
0.021563291549682617
0.019330978393554688
0.017951011657714844
0.032620906829833984
0.04416012763977051
0.02045607566833496
0.018358230590820312
0.026627063751220703
0.01978898048400879
0.018056869506835938
0.019198894500732422
0.02132892608642578
0.018208026885986328
0.02071094512939453
0.021632909774780273
0.018628835678100586
0.018733739852905273
0.0198361873626709
0.024541854858398438
0.02237701416015625
0.018857240676879883
0.017899036407470703
0.021914958953857422
0.02354907989501953
0.018079042434692383
0.017961978912353516
0.01810908317565918
0.03242897987365723
0.019210100173950195
0.018925905227661133
0.018330812454223633
0.020023107528686523
0.029429197311401367
0.02875494956970215
0.018378019332885742
0.021070003509521484
0.026880979537963867
0.01882481575012207
0.022537946701049805
0.01846909523010254
0.01877307891845703
0.02432107925415039
0.018444061279296875
0.018402099609375
0.01790308952331543
0.021851062774658203
0.03103327751159668
0.018542051315307617
0.021642208099365234
0.021877050399780273
0.020370960235595703
0.018683195114135742
0.01897907257080078
0.020049095153808594
0.01885676383972168
0.02443099021911621
0.033469200134277344
0.022350072860717773
0.019253015518188477
0.018596887588500977
0.03226900100708008
0.020249128341674805
0.030005931854248047
0.03400778770446777
0.020531177520751953
0.02351999282836914
0.018784046173095703
0.018558979034423828
0.024848222732543945
0.020997285842895508
0.01900625228881836
0.018475055694580078
0.019026994705200195
0.01841902732849121
0.038752079010009766
0.018695831298828125
0.020268678665161133
0.01822209358215332
0.02297496795654297
0.03323030471801758
0.02017521858215332
0.020975112915039062
0.02353501319885254
0.018607139587402344
0.0191650390625
0.01847100257873535
0.02588176727294922
0.020111799240112305
0.018605947494506836
0.01894688606262207
0.04746389389038086
0.02334904670715332
0.01960897445678711
0.02526092529296875
0.0188901424407959
0.03703618049621582
0.021583080291748047
0.024292945861816406
0.022042036056518555
0.026376962661743164
0.019292116165161133
0.018432140350341797
0.01824498176574707
0.018467187881469727
0.02295684814453125
0.021147727966308594
0.02016925811767578
0.018814802169799805
0.018388986587524414
0.031191110610961914
0.043942928314208984
0.02266716957092285
0.02325606346130371
0.019914865493774414
0.019261837005615234
0.02055811882019043
0.02218484878540039
0.036340951919555664
0.03455018997192383
0.018459081649780273
0.020390748977661133
0.030649900436401367
0.018859148025512695
0.023439884185791016
0.02305889129638672
0.018867969512939453
0.027595043182373047
0.01871514320373535
0.0182340145111084
0.024667978286743164
0.023214101791381836
0.018626689910888672
0.038939714431762695
0.021612167358398438
0.023363113403320312
0.03640389442443848
0.031029939651489258
0.023081064224243164
0.02609109878540039
0.02246403694152832
0.026494979858398438
0.02547001838684082
0.044120073318481445
0.023324012756347656
0.020509958267211914
0.024631977081298828
0.019516944885253906
0.020512104034423828
0.01939082145690918
0.0223391056060791
0.025837182998657227
0.020089149475097656
0.01893305778503418
0.022938966751098633
0.04299187660217285
0.0320439338684082
0.02137589454650879
0.020976781845092773
0.021419048309326172
0.018665790557861328
0.021808147430419922
0.01842212677001953
0.019351959228515625
0.028469085693359375
0.01891183853149414
0.026949167251586914
0.02786397933959961
0.029344797134399414
0.024052858352661133
0.050904035568237305
0.025198936462402344
0.018735885620117188
0.018751144409179688
0.021206140518188477
0.021553993225097656
0.01966118812561035
0.01967620849609375
0.26298022270202637
0.03821420669555664
0.021485090255737305
0.018496036529541016
0.018049955368041992
0.021802902221679688
0.024919748306274414
0.01845073699951172
0.021134138107299805
0.0198822021484375
0.02465200424194336
0.01905083656311035
0.01941394805908203
0.019124984741210938
0.018697023391723633
0.02554178237915039
0.018735885620117188
0.018239974975585938
0.018997907638549805
0.018201828002929688
0.01880812644958496
0.018736839294433594
0.01924300193786621
0.022287845611572266
0.04404616355895996
0.019262075424194336
0.031200885772705078
0.020583391189575195
0.029878854751586914
0.02644205093383789
0.018930912017822266
0.019012928009033203
0.02000117301940918
0.025978803634643555
0.018208026885986328
0.018732070922851562
0.01837015151977539
0.02736830711364746
0.031536102294921875
0.023483991622924805
0.02776813507080078
0.01844191551208496
0.022049903869628906
0.018785953521728516
0.019036054611206055
0.01836538314819336
0.01897907257080078
0.02603435516357422
0.019030094146728516
0.01832294464111328
0.018624067306518555
0.01839590072631836
0.018857955932617188
0.017982959747314453
0.017882108688354492
0.018269062042236328
0.026175260543823242
0.01856517791748047
0.01772308349609375
0.017816781997680664
0.025952816009521484
0.021980762481689453
0.019961118698120117
0.018444061279296875
0.020215749740600586
0.018399953842163086
0.025072097778320312
0.01798391342163086
0.02228093147277832
0.018363237380981445
0.01813983917236328
0.0195009708404541
0.027945995330810547
0.027937889099121094
0.018646955490112305
0.01778268814086914
0.019047260284423828
0.022837162017822266
0.020367860794067383
0.017839908599853516
0.024354934692382812
0.02084517478942871
0.021790266036987305
0.01806807518005371
0.019307851791381836
0.019895076751708984
0.018306970596313477
0.020666837692260742
0.029138803482055664
0.01776599884033203
0.018304824829101562
0.017654895782470703
0.018146038055419922
0.01729416847229004
0.017997026443481445
0.017985105514526367
0.019093036651611328
0.018201828002929688
0.019297122955322266
0.02779221534729004
0.02322697639465332
0.05171799659729004
0.026633024215698242
0.03132987022399902
0.051078081130981445
0.018223047256469727
0.01777195930480957
0.017412185668945312
0.022263050079345703
0.021604299545288086
0.017942190170288086
0.017551183700561523
0.01873469352722168
0.02649211883544922
0.022225379943847656
0.018194913864135742
0.01799297332763672
0.017865896224975586
0.027592182159423828
0.022369861602783203
0.017995834350585938
0.017578840255737305
0.01935100555419922
0.01838088035583496
0.018670082092285156
0.026287078857421875
0.018469810485839844
0.0344090461730957
0.02880692481994629
0.018105030059814453
0.017901897430419922
0.017625093460083008
0.02011275291442871
0.019330739974975586
0.026681184768676758
0.019273996353149414
0.01954793930053711
0.018147945404052734
0.019284963607788086
0.018503189086914062
0.020791053771972656
0.019227027893066406
0.02324080467224121
0.021166086196899414
0.018289804458618164
0.020647048950195312
0.019209861755371094
0.023960113525390625
0.02040386199951172
0.01853799819946289
0.01827406883239746
0.02273273468017578
0.027797937393188477
0.03849077224731445
0.019873857498168945
0.01861882209777832
0.028315305709838867
0.019977331161499023
0.018387317657470703
0.03532290458679199
0.02024388313293457
0.01915431022644043
0.03126788139343262
0.03963303565979004
0.019606828689575195
0.02730393409729004
0.02024698257446289
0.017859220504760742
0.023179054260253906
0.026958703994750977
0.02038407325744629
0.02487802505493164
0.01750802993774414
0.018938779830932617
0.024379253387451172
0.019649028778076172
0.024723291397094727
0.018333911895751953
0.01915907859802246
0.023310184478759766
0.02054882049560547
0.019556760787963867
0.018365859985351562
0.01858210563659668
0.04491090774536133
0.019425153732299805
0.01805901527404785
0.01837897300720215
0.026573657989501953
0.017837047576904297
0.018278837203979492
0.020670175552368164
0.018414735794067383
0.021600008010864258
0.025976181030273438
0.01859116554260254
0.01843404769897461
0.023437023162841797
0.021548032760620117
0.017902135848999023
0.01843094825744629
0.017781972885131836
0.021036624908447266
0.026839733123779297
0.01914811134338379
0.01828312873840332
0.022904157638549805
0.01881694793701172
0.0264739990234375
0.01879715919494629
0.022330045700073242
0.017892122268676758
0.018670082092285156
0.02477884292602539
0.023730993270874023
0.021931886672973633
0.01895618438720703
0.023356199264526367
0.019268035888671875
0.018811941146850586
0.046074867248535156
0.027592897415161133
0.03916192054748535
0.018764257431030273
0.023768901824951172
0.021327972412109375
0.018713951110839844
0.018230199813842773
0.018458127975463867
0.0195009708404541
0.021604061126708984
0.022096872329711914
0.0185699462890625
0.018599987030029297
0.018552064895629883
0.022968769073486328
0.024326801300048828
0.020971059799194336
0.019129037857055664
0.021730899810791016
0.02565622329711914
0.018460988998413086
0.028873920440673828
0.024569988250732422
0.020657062530517578
0.024519920349121094
0.01839303970336914
0.022285938262939453
0.019847869873046875
0.026182889938354492
0.018906116485595703
0.019952774047851562
0.018283843994140625
0.019674062728881836
0.02396988868713379
0.017950057983398438
0.01832890510559082
0.018360137939453125
0.021812915802001953
0.018802881240844727
0.02313709259033203
0.01828908920288086
0.01794719696044922
0.02136707305908203
0.028129100799560547
0.018271923065185547
0.017528057098388672
0.02067089080810547
0.021167993545532227
0.023497819900512695
0.02162909507751465
0.018139123916625977
0.018903017044067383
0.028974056243896484
0.02192378044128418
0.019896984100341797
0.028669118881225586
0.02526116371154785
0.027192115783691406
0.019277095794677734
0.018828630447387695
0.021023988723754883
0.01869678497314453
0.024191856384277344
0.020607948303222656
0.020303010940551758
0.02497100830078125
0.022610902786254883
0.01830601692199707
0.018275022506713867
0.02322101593017578
0.02428293228149414
0.02593994140625
0.01892685890197754
0.018576860427856445
0.018246173858642578
0.018208980560302734
0.02293705940246582
0.023833036422729492
0.01857900619506836
0.018492937088012695
0.04990434646606445
0.018202781677246094
0.018395185470581055
0.018893003463745117
0.02109813690185547
0.022494077682495117
0.018072128295898438
0.02060699462890625
0.0191342830657959
0.021882057189941406
0.022614002227783203
0.01872086524963379
0.01839900016784668
0.01850104331970215
0.018640995025634766
0.02014899253845215
0.02581310272216797
0.01878190040588379
0.01866292953491211
0.021106958389282227
0.021923065185546875
0.01933598518371582
0.018633365631103516
0.01859879493713379
0.021053791046142578
0.021168231964111328
0.024010896682739258
0.02002692222595215
0.019053936004638672
0.018715858459472656
0.019428014755249023
0.02475595474243164
0.018655061721801758
0.018577098846435547
0.04678606986999512
0.020783185958862305
0.018403053283691406
0.018187761306762695
0.017912864685058594
0.020433902740478516
0.02808094024658203
0.021806001663208008
0.021398067474365234
0.020642995834350586
0.02171802520751953
0.021914958953857422
0.022822141647338867
0.023506879806518555
0.02673196792602539
0.020977020263671875
0.018397092819213867
0.01905202865600586
0.018232107162475586
0.022178173065185547
0.01879096031188965
0.021477937698364258
0.01844000816345215
0.021940231323242188
0.028499126434326172
0.018396854400634766
0.023195981979370117
0.02295207977294922
0.029891252517700195
0.019414901733398438
0.021179914474487305
0.018342971801757812
0.021091222763061523
0.029839038848876953
0.01832103729248047
0.0179898738861084
0.021285057067871094
0.026082992553710938
0.018683910369873047
0.020145893096923828
0.020686864852905273
0.018140792846679688
0.019989013671875
0.023619890213012695
0.020726919174194336
0.018359899520874023
0.018358945846557617
0.01973700523376465
0.04234719276428223
0.023786067962646484
0.02286529541015625
0.03064107894897461
0.022754192352294922
0.020094871520996094
0.03594803810119629
0.01878190040588379
0.019610166549682617
0.018731117248535156
0.021374225616455078
0.027991056442260742
0.023805856704711914
0.01860809326171875
0.01810312271118164
0.020055055618286133
0.01787114143371582
0.023395061492919922
0.01972508430480957
0.027662992477416992
0.023111820220947266
0.029918193817138672
0.02131485939025879
0.023719310760498047
0.01818990707397461
0.01901531219482422
0.021379947662353516
0.01906871795654297
0.021414756774902344
0.0188143253326416
0.022227764129638672
0.1799769401550293
0.08802199363708496
0.19443702697753906
0.023065805435180664
0.02333688735961914
0.04461073875427246
0.19314193725585938
0.018579959869384766
0.06441307067871094
0.09944295883178711
0.01924896240234375
0.018749237060546875
0.14772510528564453
0.020470142364501953
0.021481752395629883
0.14065313339233398
0.019989013671875
0.020731687545776367
0.1426708698272705
0.01915907859802246
0.16535091400146484
0.1505749225616455
0.019832849502563477
0.1636350154876709
0.050673723220825195
0.1588578224182129
0.1560828685760498
0.02851700782775879
0.1586167812347412
0.028280973434448242
0.15989017486572266
0.15467166900634766
0.02138805389404297
0.153062105178833
0.02457594871520996
0.15552806854248047
0.02621006965637207
0.1630241870880127
0.022915124893188477
0.15457606315612793
0.024461746215820312
0.172288179397583
0.13928890228271484
0.019212007522583008
0.021544933319091797
0.14774084091186523
0.019336938858032227
0.021491050720214844
0.020476818084716797
0.02167201042175293
0.018439054489135742
0.018810272216796875
0.01914811134338379
0.01820516586303711
0.02581310272216797
0.01945209503173828
0.02679610252380371
0.021481990814208984
0.023118019104003906
0.023542165756225586
0.019088029861450195
0.018410921096801758
0.01876378059387207
0.028116941452026367
0.019118070602416992
0.018696069717407227
0.04237532615661621
0.046949148178100586
0.02085137367248535
0.021940946578979492
0.021439313888549805
0.021940946578979492
0.01852107048034668
0.01833796501159668
0.020974159240722656
0.021775245666503906
0.021867990493774414
0.02046513557434082
0.021864891052246094
0.022118806838989258
0.018432140350341797
0.018897294998168945
0.01863408088684082
0.019582271575927734
0.02097320556640625
0.020101308822631836
0.01825714111328125
0.020885944366455078
0.0204620361328125
0.022181987762451172
0.02031111717224121
0.022037267684936523
0.01990509033203125
0.017918109893798828
0.02121901512145996
0.02272510528564453
0.02114272117614746
0.019049882888793945
0.01817917823791504
0.034173011779785156
0.026025056838989258
0.018382787704467773
0.01902174949645996
0.018768310546875
0.02374577522277832
0.026604175567626953
0.0229949951171875
0.024995803833007812
0.018271923065185547
0.02697277069091797
0.022328853607177734
0.019789934158325195
0.018841266632080078
0.02359294891357422
0.02646017074584961
0.021004199981689453
0.0208590030670166
0.0186309814453125
0.02045893669128418
0.02190995216369629
0.020598888397216797
0.02220916748046875
0.02880120277404785
0.05118894577026367
0.02258777618408203
0.03596901893615723
0.024158954620361328
0.02689504623413086
0.01871013641357422
0.018492937088012695
0.019463062286376953
0.029645204544067383
0.0188751220703125
0.02347397804260254
0.018352985382080078
0.02466607093811035
0.02096104621887207
0.03081798553466797
0.020121097564697266
0.028538227081298828
0.030616044998168945
0.021431922912597656
0.019056081771850586
0.020679950714111328
0.028559207916259766
0.02239203453063965
0.02207779884338379
0.018995046615600586
0.023080110549926758
0.021573781967163086
0.018648147583007812
0.02161717414855957
0.021125078201293945
0.01790595054626465
0.02614307403564453
0.027782917022705078
0.018934011459350586
0.031395673751831055
0.021283864974975586
0.04897737503051758
0.0393369197845459
0.04146003723144531
0.021692991256713867
0.028312206268310547
0.024557113647460938
0.018628835678100586
0.0226290225982666
0.02077794075012207
0.019728899002075195
0.02051997184753418
0.025811195373535156
0.020331144332885742
0.018524169921875
0.021285057067871094
0.01823878288269043
0.032215118408203125
0.019170761108398438
0.025063037872314453
0.025490999221801758
0.02196788787841797
0.031203269958496094
0.027621984481811523
0.02160787582397461
0.0218048095703125
0.01817488670349121
0.020848989486694336
0.023036956787109375
0.018923044204711914
0.0225069522857666
0.020984888076782227
0.022196054458618164
0.02211475372314453
0.02191925048828125
0.020782947540283203
0.018484115600585938
0.025114059448242188
0.03706526756286621
0.019355058670043945
0.01812005043029785
0.0183560848236084
0.01933121681213379
0.022309064865112305
0.02878594398498535
0.02609086036682129
0.02401113510131836
0.0193328857421875
0.021981000900268555
0.018515825271606445
0.02130126953125
0.021561861038208008
0.018632888793945312
0.022339820861816406
0.0186159610748291
0.02048206329345703
0.023000717163085938
0.018927812576293945
0.021783113479614258
0.022167205810546875
0.018481969833374023
0.020773887634277344
0.018920183181762695
0.021113157272338867
0.021937847137451172
0.017913818359375
0.01781296730041504
0.0183560848236084
0.018149137496948242
0.060838937759399414
0.020884990692138672
0.018558025360107422
0.018213987350463867
0.018357038497924805
0.028543949127197266
0.0229189395904541
0.018707990646362305
0.0214080810546875
0.021100997924804688
0.018599987030029297
0.018136024475097656
0.023381948471069336
0.021976947784423828
0.02044200897216797
0.018392086029052734
0.018784046173095703
0.03631997108459473
0.021635055541992188
0.021355152130126953
0.030366182327270508
0.01981377601623535
0.027507305145263672
0.02170276641845703
0.019475936889648438
0.0189816951751709
0.021387100219726562
0.01876091957092285
0.026233673095703125
0.01897430419921875
0.018316030502319336
0.018459796905517578
0.018601417541503906
0.01878666877746582
0.020923852920532227
0.01862311363220215
0.03680992126464844
0.020801782608032227
0.02355790138244629
0.01894688606262207
0.02173781394958496
0.021483898162841797
0.017492055892944336
0.02406620979309082
0.01822829246520996
0.020685911178588867
0.02534770965576172
0.030038118362426758
0.018678665161132812
0.019628047943115234
0.018290042877197266
0.02090311050415039
0.027102947235107422
0.024232864379882812
0.020586013793945312
0.022023916244506836
0.032763004302978516
0.026114940643310547
0.021797895431518555
0.023102283477783203
0.018625974655151367
0.018471956253051758
0.025997161865234375
0.01876091957092285
0.02007913589477539
0.019424915313720703
0.01855301856994629
0.020462751388549805
0.04166817665100098
0.01885199546813965
0.01896190643310547
0.021268367767333984
0.021345138549804688
0.02244400978088379
0.018410921096801758
0.019714832305908203
0.02244400978088379
0.018342256546020508
0.018624067306518555
0.021930932998657227
0.024116992950439453
0.0244140625
0.020248889923095703
0.018323898315429688
0.018924951553344727
0.029745817184448242
0.023164987564086914
0.020576000213623047
0.020001888275146484
0.01831507682800293
0.01844501495361328
0.019791841506958008
0.0314178466796875
0.018842220306396484
0.021556854248046875
0.01931285858154297
0.0211789608001709
0.0179750919342041
0.01991891860961914
0.023979902267456055
0.018832921981811523
0.02255415916442871
0.025570154190063477
0.02568984031677246
0.018792152404785156
0.018117904663085938
0.01808905601501465
0.01845383644104004
0.01857304573059082
0.020820140838623047
0.01876997947692871
0.030837059020996094
0.0263059139251709
0.023526906967163086
0.025370121002197266
0.020379304885864258
0.018424034118652344
0.01853203773498535
0.02104806900024414
0.01848888397216797
0.021030187606811523
0.02268505096435547
0.0304410457611084
0.018582820892333984
0.01825690269470215
0.018548011779785156
0.020518064498901367
0.035987138748168945
0.024884939193725586
0.018406152725219727
0.018982887268066406
0.01853322982788086
0.018464088439941406
0.021625041961669922
0.021425724029541016
0.020767927169799805
0.0195310115814209
0.022406816482543945
0.0189511775970459
0.02026200294494629
0.0209808349609375
0.018659114837646484
0.01995992660522461
0.01970815658569336
0.023569107055664062
0.020286083221435547
0.021970033645629883
0.044097900390625
0.023874759674072266
0.02263808250427246
0.055420875549316406
0.018321752548217773
0.018846988677978516
0.01947021484375
0.020883798599243164
0.023260831832885742
0.01830887794494629
0.019384145736694336
0.01833319664001465
0.0230710506439209
0.0243680477142334
0.019613027572631836
0.018355131149291992
0.018759965896606445
0.02142500877380371
0.018200159072875977
0.020230770111083984
0.024599075317382812
0.01785421371459961
0.02193593978881836
0.018747806549072266
0.022675037384033203
0.01866292953491211
0.018072128295898438
0.024244308471679688
0.01804065704345703
0.023761987686157227
0.023357152938842773
0.026080846786499023
0.026168107986450195
0.021262168884277344
0.018146991729736328
0.020329952239990234
0.027402162551879883
0.018433094024658203
0.019874095916748047
0.05559706687927246
0.026852130889892578
0.02903604507446289
0.018445968627929688
0.023761749267578125
0.02463698387145996
0.024573087692260742
0.01806020736694336
0.02083611488342285
0.01888418197631836
0.024618148803710938
0.020099163055419922
0.0173947811126709
0.02025318145751953
0.018424034118652344
0.019215822219848633
0.018141984939575195
0.019472122192382812
0.018671751022338867
0.036283016204833984
0.018446922302246094
0.019728899002075195
0.03253507614135742
0.04758000373840332
0.021950960159301758
0.023571252822875977
0.03552722930908203
0.019620180130004883
0.02236008644104004
0.02109694480895996
0.01860189437866211
0.019977807998657227
0.02140212059020996
0.02044200897216797
0.03537392616271973
0.02215409278869629
0.018243789672851562
0.03255486488342285
0.018735170364379883
0.02010512351989746
0.023366928100585938
0.019517183303833008
0.018502235412597656
0.01839590072631836
0.019342660903930664
0.02205491065979004
0.01793694496154785
0.021692991256713867
0.02043771743774414
0.029620885848999023
0.0214080810546875
0.018340110778808594
0.01981496810913086
0.018568754196166992
0.018149852752685547
0.020701885223388672
0.019567251205444336
0.0184328556060791
0.01933908462524414
0.018075942993164062
0.022243022918701172
0.01971292495727539
0.022917747497558594
0.020158052444458008
0.018908977508544922
0.01827383041381836
0.02110004425048828
0.020900726318359375
0.02142190933227539
0.018096208572387695
0.018503904342651367
0.018424034118652344
0.020067930221557617
0.022517919540405273
0.02120804786682129
0.01974177360534668
0.018811941146850586
0.030209779739379883
0.01866006851196289
0.022661209106445312
0.025082826614379883
0.018932104110717773
0.021780967712402344
0.0190889835357666
0.018254756927490234
0.022222042083740234
0.018885135650634766
0.018141984939575195
0.026685237884521484
0.023691892623901367
0.019336223602294922
0.018539905548095703
0.021600961685180664
0.025484085083007812
0.020807981491088867
0.02394890785217285
0.02422189712524414
0.02149677276611328
0.03547811508178711
0.02221989631652832
0.020758867263793945
0.019721031188964844
0.01806783676147461
0.02599501609802246
0.022166967391967773
0.018249034881591797
0.019751310348510742
0.02297496795654297
0.022526979446411133
0.01857304573059082
0.019070863723754883
0.018043994903564453
0.018294095993041992
0.025606155395507812
0.041439056396484375
0.018662214279174805
0.021241188049316406
0.02315974235534668
0.018599748611450195
0.018278121948242188
0.022395849227905273
0.032572031021118164
0.023851871490478516
0.023233890533447266
0.01837611198425293
0.01862502098083496
0.021013259887695312
0.019117116928100586
0.021011829376220703
0.021410703659057617
0.018815994262695312
0.020383834838867188
0.026962757110595703
0.019078969955444336
0.018435001373291016
0.01862192153930664
0.021229982376098633
0.028666019439697266
0.02159595489501953
0.020241975784301758
0.023069143295288086
0.019498109817504883
0.018197059631347656
0.01923823356628418
0.019212007522583008
0.022009849548339844
0.018579959869384766
0.019554853439331055
0.018045902252197266
0.01848435401916504
0.018480777740478516
0.021934986114501953
0.027610063552856445
0.017678022384643555
0.018846988677978516
0.018548965454101562
0.019106149673461914
0.019479990005493164
0.02399277687072754
0.018435001373291016
0.018313884735107422
0.026244163513183594
0.020422935485839844
0.018178701400756836
0.018384218215942383
0.018663883209228516
0.020303010940551758
0.019110918045043945
0.02536606788635254
0.025712013244628906
0.028512001037597656
0.034433841705322266
0.03433704376220703
0.03368020057678223
0.022350788116455078
0.022109031677246094
0.021676063537597656
0.018214941024780273
0.01889491081237793
0.019974946975708008
0.0270540714263916
0.019153833389282227
0.01967310905456543
0.01831197738647461
0.023713111877441406
0.03391003608703613
0.020982027053833008
0.021678924560546875
0.024511098861694336
0.023417949676513672
0.017997026443481445
0.022015094757080078
0.02121710777282715
0.0266420841217041
0.024571895599365234
0.03606414794921875
0.0180819034576416
0.020357131958007812
0.020034074783325195
0.022595643997192383
0.02411198616027832
0.025643110275268555
0.021718978881835938
0.021970748901367188
0.01930689811706543
0.018536090850830078
0.028671979904174805
0.01851201057434082
0.018616199493408203
0.020093917846679688
0.02010178565979004
0.026054859161376953
0.018365144729614258
0.02592015266418457
0.021574735641479492
0.02155590057373047
0.018303871154785156
0.01914811134338379
0.01809382438659668
0.018038034439086914
0.022117137908935547
0.022675037384033203
0.018393993377685547
0.02080702781677246
0.01887798309326172
0.03946495056152344
0.018269777297973633
0.01964592933654785
0.0187990665435791
0.027754545211791992
0.05697202682495117
0.018503189086914062
0.02480483055114746
0.021973133087158203
0.018503904342651367
0.017940044403076172
0.018115997314453125
0.024114131927490234
0.0223541259765625
0.09185004234313965
0.031259775161743164
0.03568005561828613
0.045686960220336914
0.01878213882446289
0.01877880096435547
0.034941911697387695
0.029043912887573242
0.018332242965698242
0.018652915954589844
0.019520998001098633
0.018877267837524414
0.0223391056060791
0.02026987075805664
0.0225369930267334
0.022267818450927734
0.022630929946899414
0.018826007843017578
0.01837015151977539
0.01842212677001953
0.02082204818725586
0.018244028091430664
0.018943071365356445
0.02322697639465332
0.022003889083862305
0.018668174743652344
0.018555879592895508
0.020621061325073242
0.021124839782714844
0.021641969680786133
0.045796871185302734
0.01979684829711914
0.021239042282104492
0.01840996742248535
0.019737958908081055
0.023175954818725586
0.019140958786010742
0.027292966842651367
0.019332170486450195
0.029603242874145508
0.01879286766052246
0.02252507209777832
0.018151283264160156
0.04190397262573242
0.021223068237304688
0.021569013595581055
0.03686809539794922
0.025005102157592773
0.02454400062561035
0.01850295066833496
0.01857304573059082
0.018497705459594727
0.022413969039916992
0.019681930541992188
0.021697998046875
0.022197961807250977
0.02786111831665039
0.018571853637695312
0.017937898635864258
0.017939090728759766
0.018353939056396484
0.018945932388305664
0.028189897537231445
0.019777774810791016
0.01816082000732422
0.01830291748046875
0.022186994552612305
0.02294921875
0.01779007911682129
0.018912076950073242
0.01803898811340332
0.019333839416503906
0.01853489875793457
0.01957988739013672
0.01765894889831543
0.027417898178100586
0.01814413070678711
0.01816701889038086
0.020931720733642578
0.02290821075439453
0.0214231014251709
0.017994165420532227
0.020973682403564453
0.018954992294311523
0.02285003662109375
0.020834922790527344
0.018947839736938477
0.01833486557006836
0.018624067306518555
0.019866943359375
0.02092909812927246
0.0238189697265625
0.019857168197631836
0.0319061279296875
0.023976802825927734
0.024066925048828125
0.025336027145385742
0.019018888473510742
0.02152419090270996
0.020612716674804688
0.01948070526123047
0.01862502098083496
0.01840686798095703
0.028357744216918945
0.018990039825439453
0.020698070526123047
0.024702072143554688
0.019958019256591797
0.017735958099365234
0.018777132034301758
0.020385026931762695
0.018556833267211914
0.01882028579711914
0.022445201873779297
0.020156145095825195
0.019601821899414062
0.03269672393798828
0.01924729347229004
0.030480146408081055
0.020041942596435547
0.020111083984375
0.032876014709472656
0.02541494369506836
0.027699947357177734
0.024995088577270508
0.0295560359954834
0.017735958099365234
0.029765844345092773
0.04453396797180176
0.020513057708740234
0.02066206932067871
0.021942138671875
0.019158124923706055
0.019737958908081055
0.01793384552001953
0.01830601692199707
0.018524169921875
0.022282838821411133
0.024168968200683594
0.020282983779907227
0.020157814025878906
0.019783973693847656
0.02279186248779297
0.01941394805908203
0.027276039123535156
0.01855015754699707
0.02778911590576172
0.020328044891357422
0.021931886672973633
0.02072000503540039
0.018750905990600586
0.024929046630859375
0.025857210159301758
0.02011585235595703
0.02014017105102539
0.025673866271972656
0.036666154861450195
0.019454240798950195
0.01999807357788086
0.03382515907287598
0.033761024475097656
0.030392169952392578
0.027077198028564453
0.019719839096069336
0.01911783218383789
0.01862788200378418
0.01931905746459961
0.023398160934448242
0.020702838897705078
0.02040696144104004
0.025237083435058594
0.01883697509765625
0.022441864013671875
0.02132892608642578
0.020220041275024414
0.02189803123474121
0.02213001251220703
0.023004770278930664
0.01794910430908203
0.01838207244873047
0.026669025421142578
0.021708965301513672
0.018642902374267578
0.024041175842285156
0.02254796028137207
0.019077777862548828
0.018020153045654297
0.028913021087646484
0.018919944763183594
0.018883943557739258
0.019024133682250977
0.01873183250427246
0.023969173431396484
0.01889204978942871
0.022713184356689453
0.019083023071289062
0.02191615104675293
0.05086803436279297
0.02361297607421875
0.019591808319091797
0.019449949264526367
0.02442002296447754
0.0368800163269043
0.046278953552246094
0.020313024520874023
0.03695273399353027
0.05177712440490723
0.026556968688964844
0.022682905197143555
0.018323183059692383
0.02384209632873535
0.02550983428955078
0.023320674896240234
0.02534198760986328
0.02058696746826172
0.01854109764099121
0.01838517189025879
0.018805980682373047
0.025624990463256836
0.026746273040771484
0.02451610565185547
0.019042015075683594
0.018567800521850586
0.01873493194580078
0.02261495590209961
0.030668020248413086
0.01843094825744629
0.02033209800720215
0.02150106430053711
0.023407936096191406
0.01863574981689453
0.018304109573364258
0.028931140899658203
0.023262977600097656
0.025759220123291016
0.018861770629882812
0.01840686798095703
0.019870996475219727
0.025723934173583984
0.02841973304748535
0.023085832595825195
0.026753902435302734
0.03390979766845703
0.018214941024780273
0.020679950714111328
0.02355813980102539
0.023646831512451172
0.02380990982055664
0.018984079360961914
0.01852703094482422
0.021979808807373047
0.018484830856323242
0.01826786994934082
0.020174264907836914
0.021589994430541992
0.018887996673583984
0.023288965225219727
0.023522138595581055
0.022318124771118164
0.01992201805114746
0.0262300968170166
0.019631147384643555
0.02836775779724121
0.0181429386138916
0.02312612533569336
0.024076223373413086
0.024302959442138672
0.01844191551208496
0.02190113067626953
0.026093006134033203
0.021436214447021484
0.01975393295288086
0.019498586654663086
0.018491744995117188
0.02282404899597168
0.024283170700073242
0.018766164779663086
0.02341771125793457
0.022687911987304688
0.022741317749023438
0.029816865921020508
0.018311023712158203
0.020099878311157227
0.021639108657836914
0.021596908569335938
0.01833176612854004
0.018171072006225586
0.01911306381225586
0.04929709434509277
0.02396702766418457
0.025696992874145508
0.0202181339263916
0.025389909744262695
0.021954774856567383
0.0189666748046875
0.021214008331298828
0.022253036499023438
0.021954059600830078
0.01978278160095215
0.05253887176513672
0.02128887176513672
0.02438187599182129
0.0200960636138916
0.02266979217529297
0.022719144821166992
0.02012014389038086
0.018023967742919922
0.018141984939575195
0.017939090728759766
0.020843029022216797
0.02666330337524414
0.018498897552490234
0.021911144256591797
0.023504972457885742
0.020262956619262695
0.019691944122314453
0.02112889289855957
0.03654789924621582
0.01828289031982422
0.021719694137573242
0.024107933044433594
0.018304824829101562
0.0180051326751709
0.017728090286254883
0.025828123092651367
0.020528793334960938
0.0378880500793457
0.02072906494140625
0.024299144744873047
0.01860523223876953
0.01858997344970703
0.018637895584106445
0.02078700065612793
0.0254671573638916
0.01843714714050293
0.01840686798095703
0.023491859436035156
0.022708892822265625
0.029840946197509766
0.022037982940673828
0.019996166229248047
0.020370006561279297
0.02507305145263672
0.02116703987121582
0.01733708381652832
0.017447233200073242
0.017590999603271484
0.03289985656738281
0.018451929092407227
0.024051904678344727
0.018148183822631836
0.01995086669921875
0.02155923843383789
0.0208280086517334
0.018751859664916992
0.021551847457885742
0.020061254501342773
0.018391847610473633
0.02119898796081543
0.019624948501586914
0.022121906280517578
0.02087712287902832
0.02296304702758789
0.019143342971801758
0.01833796501159668
0.01950812339782715
0.02166891098022461
0.021320104598999023
0.018472909927368164
0.023009061813354492
0.019002199172973633
0.022923946380615234
0.0187380313873291
0.02213001251220703
0.018139362335205078
0.02044081687927246
0.021083831787109375
0.020733356475830078
0.03398299217224121
0.019154071807861328
0.01955413818359375
0.025114774703979492
0.020808935165405273
0.01900315284729004
0.018540143966674805
0.04462623596191406
0.02378392219543457
0.03918290138244629
0.026129961013793945
0.019698143005371094
0.025014162063598633
0.02864217758178711
0.027843952178955078
0.03060293197631836
0.021364212036132812
0.021164894104003906
0.018507003784179688
0.019739866256713867
0.02036905288696289
0.021648883819580078
0.01840806007385254
0.019459009170532227
0.020927906036376953
0.018585920333862305
0.021965742111206055
0.028916120529174805
0.03527498245239258
0.027576208114624023
0.01894402503967285
0.02058577537536621
0.020560264587402344
0.018471956253051758
0.02203083038330078
0.019457101821899414
0.019209861755371094
0.0181429386138916
0.026172876358032227
0.01796102523803711
0.018536090850830078
0.019842147827148438
0.017869234085083008
0.028879165649414062
0.018717050552368164
0.01958608627319336
0.021756887435913086
0.022449970245361328
0.02050185203552246
0.018312931060791016
0.018335819244384766
0.02846074104309082
0.02679896354675293
0.01806497573852539
0.02480316162109375
0.0186159610748291
0.02193903923034668
0.04397988319396973
0.019833803176879883
0.019659042358398438
0.019643068313598633
0.026147127151489258
0.0182039737701416
0.0494081974029541
0.03722119331359863
0.01934814453125
0.018633127212524414
0.01838207244873047
0.021352052688598633
0.02242588996887207
0.022743940353393555
0.02813410758972168
0.02046799659729004
0.03016519546508789
0.019602060317993164
0.018574953079223633
0.01833176612854004
0.0235440731048584
0.01881718635559082
0.02118206024169922
0.01796412467956543
0.02156686782836914
0.02439093589782715
0.03470206260681152
0.019962787628173828
0.0182950496673584
0.019396066665649414
0.02231907844543457
0.020680904388427734
0.0216372013092041
0.018317222595214844
0.021404743194580078
0.028684139251708984
0.018252134323120117
0.018888235092163086
0.030136823654174805
0.023380041122436523
0.029745817184448242
0.021541833877563477
0.018464088439941406
0.02083110809326172
0.02311086654663086
0.018024921417236328
0.018496036529541016
0.018639802932739258
0.01874709129333496
0.02823495864868164
0.018221139907836914
0.01794886589050293
0.018449068069458008
0.018634796142578125
0.021924257278442383
0.02478480339050293
0.01965498924255371
0.01983499526977539
0.021188020706176758
0.023638010025024414
0.02013421058654785
0.030776023864746094
0.04892706871032715
0.01932978630065918
0.07706999778747559
0.02327895164489746
0.021834850311279297
0.0213320255279541
0.02645087242126465
0.023031949996948242
0.028745174407958984
0.018413066864013672
0.019754886627197266
0.02503204345703125
0.019300222396850586
0.01837897300720215
0.025584936141967773
0.037602901458740234
0.024578094482421875
0.021061182022094727
0.019044160842895508
0.024940967559814453
0.02336907386779785
0.029291152954101562
0.018290042877197266
0.027185916900634766
0.018353939056396484
0.023604869842529297
0.019200801849365234
0.019220829010009766
0.027338027954101562
0.024259090423583984
0.021515846252441406
0.02379584312438965
0.01925802230834961
0.022722244262695312
0.023649215698242188
0.019176959991455078
0.028462648391723633
0.0191190242767334
0.021311044692993164
0.02864813804626465
0.027722835540771484
0.020807981491088867
0.021342039108276367
0.018276214599609375
0.02411508560180664
0.036969900131225586
0.02214503288269043
0.01928400993347168
0.02020883560180664
0.020824670791625977
0.021157026290893555
0.026639938354492188
0.01982903480529785
0.03022599220275879
0.041092872619628906
0.04260396957397461
0.0186002254486084
0.0333707332611084
0.023814916610717773
0.02019500732421875
0.020518064498901367
0.024934053421020508
0.024857044219970703
0.020226240158081055
0.018517017364501953
0.022890090942382812
0.023267745971679688
0.03242611885070801
0.031835079193115234
0.020806074142456055
0.035941123962402344
0.021296262741088867
0.030981063842773438
0.05090785026550293
0.027492046356201172
0.018249988555908203
0.02195882797241211
0.02867293357849121
0.01901984214782715
0.01851797103881836
0.0189669132232666
0.023067951202392578
0.022773265838623047
0.027456998825073242
0.020675182342529297
0.021142005920410156
0.01859879493713379
0.0242002010345459
0.01846790313720703
0.020108938217163086
0.02038407325744629
0.018346071243286133
0.021685123443603516
0.021193981170654297
0.022245168685913086
0.020229339599609375
0.01850104331970215
0.03792881965637207
0.01950693130493164
0.018314123153686523
0.021456003189086914
0.01865386962890625
0.023330211639404297
0.018419981002807617
0.020998001098632812
0.02074289321899414
0.024960994720458984
0.026530027389526367
0.023211002349853516
0.02133917808532715
0.022257089614868164
0.02013683319091797
0.023101806640625
0.017787933349609375
0.020169973373413086
0.021959781646728516
0.019155263900756836
0.0185549259185791
0.018686771392822266
0.019044160842895508
0.023321151733398438
0.018429040908813477
0.027707815170288086
0.0176546573638916
0.018863916397094727
0.02331376075744629
0.018340110778808594
0.03868913650512695
0.02135491371154785
0.051538944244384766
0.021661996841430664
0.021203994750976562
0.020909786224365234
0.02523016929626465
0.019980192184448242
0.02029705047607422
0.04605507850646973
0.021372079849243164
0.023534059524536133
0.01815509796142578
0.01814126968383789
0.03721284866333008
0.019571304321289062
0.02518606185913086
0.019124984741210938
0.023474931716918945
0.01823115348815918
0.017668962478637695
0.018653154373168945
0.055191993713378906
0.018378019332885742
0.01853799819946289
0.030686140060424805
0.03607487678527832
0.018316984176635742
0.022745847702026367
0.020728111267089844
0.018487215042114258
0.02205514907836914
0.02371358871459961
0.024446964263916016
0.03444814682006836
0.025079965591430664
0.028049945831298828
0.018333911895751953
0.018545866012573242
0.022641897201538086
0.018145084381103516
0.01856827735900879
0.02829289436340332
0.02167987823486328
0.024615049362182617
0.01824808120727539
0.021832942962646484
0.019642114639282227
0.023375749588012695
0.04946184158325195
0.01984405517578125
0.053106069564819336
0.02349710464477539
0.021284818649291992
0.020082950592041016
0.026829242706298828
0.04538702964782715
0.027262210845947266
0.019044160842895508
0.022134065628051758
0.021266937255859375
0.022073745727539062
0.049248695373535156
0.024055957794189453
0.03269195556640625
0.026417016983032227
0.027615785598754883
0.02680182456970215
0.03722190856933594
0.027753114700317383
0.03266286849975586
0.025938034057617188
0.025928258895874023
0.05006909370422363
0.028345108032226562
0.024520158767700195
0.02643895149230957
0.022974014282226562
0.021568775177001953
0.021367788314819336
0.06684708595275879
0.04515981674194336
0.027960777282714844
0.022745847702026367
0.02167797088623047
0.03626298904418945
0.020018815994262695
0.019460201263427734
0.03007197380065918
0.02162003517150879
0.019608020782470703
0.018804073333740234
0.021085023880004883
0.01878809928894043
0.02299213409423828
0.07232475280761719
0.020787954330444336
0.018229007720947266
0.018232107162475586
0.018403053283691406
0.01855611801147461
0.018011093139648438
0.043158769607543945
0.02710127830505371
0.021464824676513672
0.02134227752685547
0.03709697723388672
0.026630163192749023
0.04080700874328613
0.018578052520751953
0.02031111717224121
0.02305293083190918
0.021116971969604492
0.018834829330444336
0.018874168395996094
0.0599820613861084
0.021429061889648438
0.0202329158782959
0.021107912063598633
0.022458791732788086
0.052407026290893555
0.044632911682128906
0.021698951721191406
0.03685498237609863
0.026546239852905273
0.03665590286254883
0.030171871185302734
0.033648014068603516
0.02377915382385254
0.027656078338623047
0.02012491226196289
0.036293983459472656
0.018331289291381836
0.030867815017700195
0.024711132049560547
0.023344755172729492
0.024406909942626953
0.02017998695373535
0.018812894821166992
0.018949270248413086
0.022436141967773438
0.04212498664855957
0.05399298667907715
0.022640705108642578
0.045661211013793945
0.017817974090576172
0.04231095314025879
0.03620576858520508
0.03386521339416504
0.018166065216064453
0.023952960968017578
0.018716096878051758
0.04748821258544922
0.02034306526184082
0.03487896919250488
0.021426916122436523
0.021593093872070312
0.022377967834472656
0.01746511459350586
0.04050016403198242
0.026279926300048828
0.029492855072021484
0.08498096466064453
0.03778886795043945
0.018550872802734375
0.03646206855773926
0.01770806312561035
0.02635788917541504
0.01846003532409668
0.018510103225708008
0.01910400390625
0.0658259391784668
0.019735097885131836
0.020453214645385742
0.022204875946044922
0.025259017944335938
0.029265165328979492
0.0244140625
0.02255725860595703
0.02124500274658203
0.01838517189025879
0.018596172332763672
0.020473003387451172
0.022881031036376953
0.033473968505859375
0.019526958465576172
0.018659114837646484
0.04137110710144043
0.01867508888244629
0.021652936935424805
0.018579959869384766
0.01776289939880371
0.04404091835021973
0.022027015686035156
0.021435976028442383
0.026170730590820312
0.018456220626831055
0.019961118698120117
0.019888877868652344
0.052220821380615234
0.018846988677978516
0.018984079360961914
0.031116724014282227
0.018507957458496094
0.018990278244018555
0.01764369010925293
0.035201072692871094
0.04360604286193848
0.03268909454345703
0.0188601016998291
0.018619060516357422
0.01807713508605957
0.07012200355529785
0.01925182342529297
0.023940086364746094
0.02019190788269043
0.018117904663085938
0.01804208755493164
0.02051711082458496
0.01912403106689453
0.023582935333251953
0.019302845001220703
0.018728017807006836
0.018458843231201172
0.01857590675354004
0.018379926681518555
0.03033590316772461
0.018253803253173828
0.018130064010620117
0.04143190383911133
0.02081584930419922
0.037018775939941406
0.04706382751464844
0.019961833953857422
0.018429994583129883
0.023885011672973633
0.0225830078125
0.020712852478027344
0.04760122299194336
0.019028902053833008
0.018739938735961914
0.018172025680541992
0.02871990203857422
0.022827863693237305
0.028980255126953125
0.021864891052246094
0.049360036849975586
0.03512310981750488
0.03061985969543457
0.021953105926513672
0.04467892646789551
0.020653724670410156
0.024821996688842773
0.02674412727355957
0.03294491767883301
0.03300929069519043
0.026253938674926758
0.024763107299804688
0.01807713508605957
0.025236129760742188
0.024377822875976562
0.08921027183532715
0.018489837646484375
0.022008180618286133
0.022835969924926758
0.02019524574279785
0.01753091812133789
0.0365290641784668
0.04170703887939453
0.03134584426879883
0.041699886322021484
0.018055200576782227
0.020631790161132812
0.02017378807067871
0.03823494911193848
0.018795013427734375
0.018047094345092773
0.029227018356323242
0.026914119720458984
0.022246837615966797
0.11392784118652344
0.05163002014160156
0.022691965103149414
0.022386789321899414
0.052169084548950195
0.03168773651123047
0.023061037063598633
0.02770519256591797
0.043047189712524414
0.0448760986328125
0.019466161727905273
0.017974138259887695
0.01911187171936035
0.017917871475219727
0.022452116012573242
0.018112897872924805
0.022218942642211914
0.04508805274963379
0.019891738891601562
0.018728971481323242
0.020261049270629883
0.01853799819946289
0.01773524284362793
0.042009830474853516
0.02940082550048828
0.01869678497314453
0.01950216293334961
0.027058124542236328
0.01853489875793457
0.0174868106842041
0.024696826934814453
0.019849061965942383
0.019719839096069336
0.024249792098999023
0.028535127639770508
0.032785892486572266
0.018339872360229492
0.033315181732177734
0.029078006744384766
0.0411679744720459
0.01816701889038086
0.030929088592529297
0.017872095108032227
0.018390893936157227
0.020220041275024414
0.01859879493713379
0.02662825584411621
0.02851581573486328
0.017884016036987305
0.057196855545043945
0.018517017364501953
0.037474870681762695
0.04344797134399414
0.01901412010192871
0.018081188201904297
0.019696712493896484
0.018594026565551758
0.017915964126586914
0.06092071533203125
0.03975033760070801
0.019505739212036133
0.02552509307861328
0.018815994262695312
0.02201080322265625
0.017624855041503906
0.06810498237609863
0.02655792236328125
0.023247957229614258
0.02285480499267578
0.06182980537414551
0.020633220672607422
0.0350489616394043
0.030700206756591797
0.01800704002380371
0.04821920394897461
0.02386474609375
0.03720402717590332
0.03332185745239258
0.02224588394165039
0.019427061080932617
0.053038835525512695
0.02874588966369629
0.033950090408325195
0.04926919937133789
0.01876211166381836
0.05901980400085449
0.021776914596557617
0.04182124137878418
0.10334897041320801
0.048605918884277344
0.0264129638671875
0.04079699516296387
0.025947093963623047
0.01965808868408203
0.031023740768432617
0.04403424263000488
0.028216838836669922
0.02733016014099121
0.031400203704833984
0.032257080078125
0.01830601692199707
0.03579401969909668
0.01777791976928711
0.02039504051208496
0.025207042694091797
0.018756866455078125
0.021762847900390625
0.028314828872680664
0.05191206932067871
0.05077981948852539
0.018973112106323242
0.018693208694458008
0.024097919464111328
0.020270109176635742
0.020907878875732422
0.027719974517822266
0.030478954315185547
0.025795936584472656
0.018413782119750977
0.02537703514099121
0.031796932220458984
0.02376103401184082
0.02589702606201172
0.06126093864440918
0.018857955932617188
0.046922922134399414
0.019099950790405273
0.03040313720703125
0.02350306510925293
0.033570051193237305
0.055336952209472656
0.02412104606628418
0.01887226104736328
0.018490314483642578
0.02253103256225586
0.038655996322631836
0.022001266479492188
0.02424311637878418
0.018548250198364258
0.028957843780517578
0.026979923248291016
0.017740726470947266
0.01924896240234375
0.01859283447265625
0.019649982452392578
0.03207826614379883
0.018447160720825195
0.01811385154724121
0.035034894943237305
0.018574953079223633
0.03917288780212402
0.02370905876159668
0.0201418399810791
0.01848006248474121
0.01834416389465332
0.04748177528381348
0.017861127853393555
0.04315185546875
0.02073192596435547
0.03658485412597656
0.02889275550842285
0.022694110870361328
0.017740964889526367
0.019423961639404297
0.04141688346862793
0.020823240280151367
0.019789934158325195
0.017694950103759766
0.018243074417114258
0.026770830154418945
0.022877931594848633
0.0326390266418457
0.020015716552734375
0.03502321243286133
0.01845097541809082
0.024248123168945312
0.02543783187866211
0.0180511474609375
0.021724939346313477
0.02267003059387207
0.018239974975585938
0.06672501564025879
0.019087791442871094
0.018290996551513672
0.018413066864013672
0.018512248992919922
0.018137216567993164
0.02140212059020996
0.04387807846069336
0.01877593994140625
0.06333398818969727
0.07266807556152344
0.020503997802734375
0.02242898941040039
0.033782005310058594
0.023370027542114258
0.029176950454711914
0.023591041564941406
0.025822877883911133
0.03294515609741211
0.044866085052490234
0.025806903839111328
0.019331693649291992
0.01871633529663086
0.018115997314453125
0.02920079231262207
0.01865983009338379
0.01825881004333496
0.02859210968017578
0.02588677406311035
0.01941514015197754
0.02196502685546875
0.05997204780578613
0.019688844680786133
0.07101893424987793
0.01995110511779785
0.022330045700073242
0.04163813591003418
0.32718586921691895
0.05725216865539551
0.05821108818054199
0.022555828094482422
0.02429986000061035
0.032354116439819336
0.05245494842529297
0.018672943115234375
0.019296884536743164
0.04052591323852539
0.018412113189697266
0.03975725173950195
0.018613100051879883
0.026241064071655273
0.02114105224609375
0.019011259078979492
0.06370711326599121
0.03873419761657715
0.018789291381835938
0.018476009368896484
0.023777008056640625
0.019006967544555664
0.018832921981811523
0.018601417541503906
0.01862192153930664
0.03798198699951172
0.0230410099029541
0.02327108383178711
0.018206119537353516
0.0192110538482666
0.01848769187927246
0.020947933197021484
0.017868995666503906
0.022509098052978516
0.019128084182739258
0.018214941024780273
0.0179140567779541
0.023772001266479492
0.0216829776763916
0.025242090225219727
0.025030851364135742
0.01927018165588379
0.03814578056335449
0.03372001647949219
0.03189992904663086
0.03405308723449707
0.021950960159301758
0.022908926010131836
0.023626327514648438
0.021973133087158203
0.021897077560424805
0.022523880004882812
0.018684864044189453
0.019821882247924805
0.03174901008605957
0.02100515365600586
0.03419923782348633
0.018099069595336914
0.02595806121826172
0.024224042892456055
0.024058818817138672
0.048905134201049805
0.02814507484436035
0.030920028686523438
0.017903804779052734
0.019259929656982422
0.01744818687438965
0.017410993576049805
0.04363894462585449
0.017735004425048828
0.018753767013549805
0.022075891494750977
0.022880077362060547
0.024981021881103516
0.020433902740478516
0.020810842514038086
0.020498037338256836
0.018934965133666992
0.03057575225830078
0.023227930068969727
0.023458003997802734
0.022501707077026367
0.020081043243408203
0.018346071243286133
0.019333839416503906
0.020704984664916992
0.0232388973236084
0.030871152877807617
0.028783798217773438
0.03253984451293945
0.017772912979125977
0.02024698257446289
0.02269911766052246
0.023661136627197266
0.0181119441986084
0.038496971130371094
0.020353078842163086
0.018085002899169922
0.020453929901123047
0.018180131912231445
0.025560855865478516
0.020385026931762695
0.017819881439208984
0.021589040756225586
0.018854856491088867
0.018169879913330078
0.01830577850341797
0.01799297332763672
0.023223161697387695
0.018596172332763672
0.020906925201416016
0.01892995834350586
0.017763137817382812
0.01799297332763672
0.01960611343383789
0.021994829177856445
0.018489837646484375
0.01798391342163086
0.018306970596313477
0.035140037536621094
0.020236730575561523
0.018052101135253906
0.01737809181213379
0.020883798599243164
0.02221989631652832
0.028866052627563477
0.028501033782958984
0.028381824493408203
0.018104076385498047
0.021868228912353516
0.022228002548217773
0.022301912307739258
0.018069028854370117
0.02223992347717285
0.0192258358001709
0.017351865768432617
0.018217086791992188
0.018988609313964844
0.01819014549255371
0.019498109817504883
0.017943143844604492
0.020611286163330078
0.02492213249206543
0.01766204833984375
0.018533706665039062
0.018107891082763672
0.026064157485961914
0.022876977920532227
0.022279977798461914
0.02115488052368164
0.018151044845581055
0.028406143188476562
0.02399420738220215
0.02615499496459961
0.031964778900146484
0.038118839263916016
0.021221160888671875
0.018316030502319336
0.018450021743774414
0.017702102661132812
0.022188901901245117
0.022821903228759766
0.02415609359741211
0.020217180252075195
0.020730018615722656
0.018189191818237305
0.017937898635864258
0.024182558059692383
0.02747201919555664
0.01814103126525879
0.01889514923095703
0.018890857696533203
0.0183260440826416
0.019520998001098633
0.018244028091430664
0.01739811897277832
0.02147674560546875
0.024823904037475586
0.029258012771606445
0.03146481513977051
0.018790721893310547
0.019983768463134766
0.01800394058227539
0.024857759475708008
0.03725385665893555
0.018304824829101562
0.020891904830932617
0.019035816192626953
0.017800331115722656
0.02081608772277832
0.021757125854492188
0.021380901336669922
0.02117609977722168
0.022367000579833984
0.023493051528930664
0.020111083984375
0.019893884658813477
0.022651195526123047
0.020447969436645508
0.02016901969909668
0.01970505714416504
0.020326852798461914
0.017851829528808594
0.022994041442871094
0.021939992904663086
0.01782393455505371
0.01828479766845703
0.019804954528808594
0.0214388370513916
0.024482011795043945
0.018141746520996094
0.018718242645263672
0.018397092819213867
0.024132966995239258
0.028730154037475586
0.02448582649230957
0.021004199981689453
0.025380849838256836
0.022596120834350586
0.020814895629882812
0.01847696304321289
0.020684003829956055
0.02119612693786621
0.020355939865112305
0.02287006378173828
0.019214153289794922
0.018393754959106445
0.021257877349853516
0.023391008377075195
0.019087791442871094
0.018098831176757812
0.0185091495513916
0.021997928619384766
0.022232770919799805
0.023237943649291992
0.018309831619262695
0.017848968505859375
0.030132770538330078
0.018687963485717773
0.017470359802246094
0.02676081657409668
0.018411874771118164
0.021202802658081055
0.019304990768432617
0.03821063041687012
0.023640871047973633
0.020951032638549805
0.02034902572631836
0.021254777908325195
0.022947072982788086
0.029021024703979492
0.025888681411743164
0.020620107650756836
0.020641088485717773
0.027497053146362305
0.04001498222351074
0.02963089942932129
0.018497228622436523
0.022617101669311523
0.019618988037109375
0.02250385284423828
0.018204927444458008
0.019009113311767578
0.023534774780273438
0.02159404754638672
0.02630472183227539
0.023035049438476562
0.018486976623535156
0.0181272029876709
0.01822686195373535
0.020239830017089844
0.018730878829956055
0.0252840518951416
0.021434783935546875
0.01864171028137207
0.018570899963378906
0.018629074096679688
0.022571086883544922
0.0206298828125
0.021696090698242188
0.020219802856445312
0.019176006317138672
0.024755001068115234
0.018872737884521484
0.0183107852935791
0.018204212188720703
0.018558025360107422
0.01976180076599121
0.0186922550201416
0.020977020263671875
0.03139686584472656
0.02113199234008789
0.02833390235900879
0.02111506462097168
0.027022123336791992
0.018004894256591797
0.023090124130249023
0.01862502098083496
0.022160053253173828
0.01863408088684082
0.019641876220703125
0.02192211151123047
0.03509688377380371
0.024935245513916016
0.01976919174194336
0.018157958984375
0.020047903060913086
0.01898193359375
0.0290372371673584
0.05368185043334961
0.035630226135253906
0.02144479751586914
0.018938064575195312
0.025177001953125
0.021177053451538086
0.022569894790649414
0.01866292953491211
0.018165111541748047
0.021789073944091797
0.026148080825805664
0.018497943878173828
0.018903017044067383
0.018478870391845703
0.023617029190063477
0.01865100860595703
0.02008223533630371
0.01827526092529297
0.020100116729736328
0.02313065528869629
0.03618311882019043
0.019968748092651367
0.017961978912353516
0.03238201141357422
0.020348072052001953
0.02681875228881836
0.02055501937866211
0.01985025405883789
0.018243074417114258
0.019839048385620117
0.020847082138061523
0.021605968475341797
0.018795013427734375
0.018033981323242188
0.020715713500976562
0.018336057662963867
0.018347978591918945
0.018604755401611328
0.021156787872314453
0.02366805076599121
0.018691062927246094
0.01839280128479004
0.018572092056274414
0.022424697875976562
0.020869016647338867
0.020617961883544922
0.018285751342773438
0.054132938385009766
0.017939329147338867
0.030308961868286133
0.020049095153808594
0.019242048263549805
0.022015094757080078
0.023936986923217773
0.020920991897583008
0.018531084060668945
0.020273923873901367
0.022034168243408203
0.049340248107910156
0.02933192253112793
0.021756887435913086
0.02125263214111328
0.018169879913330078
0.019706010818481445
0.03263998031616211
0.019108057022094727
0.020460128784179688
0.021704912185668945
0.018197059631347656
0.02020573616027832
0.01875472068786621
0.01838517189025879
0.0187380313873291
0.022089004516601562
0.023595094680786133
0.04105973243713379
0.0398869514465332
0.021676063537597656
0.01819300651550293
0.021560192108154297
0.023135900497436523
0.018838167190551758
0.02051091194152832
0.01823282241821289
0.0195770263671875
0.02531909942626953
0.018154144287109375
0.02156686782836914
0.021757841110229492
0.01824212074279785
0.02107381820678711
0.01866769790649414
0.022109031677246094
0.01890110969543457
0.01932501792907715
0.018651962280273438
0.019605159759521484
0.018351078033447266
0.024506092071533203
0.02098989486694336
0.01862621307373047
0.020422697067260742
0.024940013885498047
0.018240928649902344
0.017872095108032227
0.01788616180419922
0.027415990829467773
0.021066904067993164
0.018476009368896484
0.022050142288208008
0.02199697494506836
0.018461942672729492
0.0207521915435791
0.021429061889648438
0.018772363662719727
0.021611928939819336
0.0184938907623291
0.021919965744018555
0.018683195114135742
0.028812885284423828
0.018812179565429688
0.02721691131591797
0.018864154815673828
0.026354312896728516
0.02051377296447754
0.02036309242248535
0.01981377601623535
0.0248110294342041
0.01931309700012207
0.02117300033569336
0.019019126892089844
0.020313024520874023
0.019665956497192383
0.021426916122436523
0.02422189712524414
0.019120216369628906
0.03797602653503418
0.021625041961669922
0.022430896759033203
0.01875901222229004
0.021757841110229492
0.025252103805541992
0.023043155670166016
0.018395185470581055
0.01998305320739746
0.018067121505737305
0.024832963943481445
0.021193981170654297
0.018496990203857422
0.020642995834350586
0.02372002601623535
0.02779865264892578
0.018381834030151367
0.021062135696411133
0.023001909255981445
0.02429795265197754
0.019308805465698242
0.019515037536621094
0.018958091735839844
0.018517017364501953
0.02188587188720703
0.019252300262451172
0.01815509796142578
0.023363828659057617
0.018249988555908203
0.018496036529541016
0.026829004287719727
0.0225527286529541
0.018821001052856445
0.019805192947387695
0.018303871154785156
0.020555973052978516
0.03457999229431152
0.023221969604492188
0.019156932830810547
0.01895594596862793
0.018534183502197266
0.0185091495513916
0.021223783493041992
0.02169203758239746
0.018036365509033203
0.022517919540405273
0.0187380313873291
0.02177906036376953
0.021197080612182617
0.020980119705200195
0.018427133560180664
0.0189669132232666
0.026296615600585938
0.019654273986816406
0.025892972946166992
0.018884897232055664
0.01956796646118164
0.02622509002685547
0.019050121307373047
0.041383981704711914
0.018583059310913086
0.01812005043029785
0.022343873977661133
0.021104812622070312
0.02162909507751465
0.017857074737548828
0.02465987205505371
0.01854109764099121
0.01877880096435547
0.01824474334716797
0.022332191467285156
0.022555828094482422
0.021759986877441406
0.018301010131835938
0.022963285446166992
0.018552780151367188
0.02207469940185547
0.018262147903442383
0.022808074951171875
0.02318406105041504
0.018727779388427734
0.0191648006439209
0.018409013748168945
0.019800901412963867
0.021421194076538086
0.01856088638305664
0.01798081398010254
0.018227100372314453
0.019054889678955078
0.01804184913635254
0.021941184997558594
0.024056196212768555
0.022964000701904297
0.01796579360961914
0.01887059211730957
0.01936173439025879
0.023811817169189453
0.024017333984375
0.018123865127563477
0.018311023712158203
0.021200180053710938
0.01834702491760254
0.018479108810424805
0.01997685432434082
0.018450021743774414
0.018280982971191406
0.02180790901184082
0.021353960037231445
0.022037744522094727
0.01861095428466797
0.018640995025634766
0.026024818420410156
0.021759033203125
0.018571853637695312
0.01840376853942871
0.020852088928222656
0.024796009063720703
0.021418094635009766
0.022499799728393555
0.02291274070739746
0.01864910125732422
0.043116092681884766
0.018298864364624023
0.021008729934692383
0.018672943115234375
0.02457594871520996
0.018218040466308594
0.018440961837768555
0.018262863159179688
0.02020096778869629
0.020970821380615234
0.02550506591796875
0.01902174949645996
0.03177595138549805
0.025413990020751953
0.018024921417236328
0.01797008514404297
0.01775813102722168
0.018671274185180664
0.02303290367126465
0.02341914176940918
0.019215106964111328
0.01798224449157715
0.01835179328918457
0.02815985679626465
0.019077062606811523
0.02237391471862793
0.026005029678344727
0.018235206604003906
0.024291038513183594
0.02420806884765625
0.01905083656311035
0.023378372192382812
0.021929025650024414
0.027595043182373047
0.0180051326751709
0.020619869232177734
0.018599987030029297
0.018770933151245117
0.02675008773803711
0.018485069274902344
0.020915746688842773
0.026286840438842773
0.022145986557006836
0.018522977828979492
0.020201921463012695
0.0209810733795166
0.0214998722076416
0.021589040756225586
0.02221989631652832
0.022702932357788086
0.017789840698242188
0.017628192901611328
0.021622896194458008
0.024669885635375977
0.021360158920288086
0.01829981803894043
0.0190579891204834
0.018095016479492188
0.018452882766723633
0.029050111770629883
0.019176006317138672
0.020009994506835938
0.023563146591186523
0.04264187812805176
0.02072906494140625
0.030658960342407227
0.018355846405029297
0.020338058471679688
0.02095174789428711
0.018128156661987305
0.018423080444335938
0.03558993339538574
0.1849679946899414
0.02046990394592285
0.06915116310119629
0.1900949478149414
0.0276181697845459
0.06411600112915039
0.17727279663085938
0.02070903778076172
0.0211641788482666
0.051434993743896484
0.09393692016601562
0.018876075744628906
0.017837047576904297
0.15665388107299805
0.020618915557861328
0.022361040115356445
0.14065170288085938
0.019703149795532227
0.0209348201751709
0.1407461166381836
0.01890397071838379
0.01810002326965332
0.14390301704406738
0.1495192050933838
0.02049708366394043
0.020756959915161133
0.1401991844177246
0.01775503158569336
0.0188291072845459
0.14664888381958008
0.020277976989746094
0.021668195724487305
0.14328694343566895
0.02232193946838379
0.1555173397064209
0.019054174423217773
0.01749396324157715
0.15358495712280273
0.15718984603881836
0.018779754638671875
0.1683039665222168
0.02954697608947754
0.14089512825012207
0.02576589584350586
0.1614978313446045
0.02553701400756836
0.1576251983642578
0.018607139587402344
0.01886892318725586
0.2954549789428711
0.02574896812438965
0.15450119972229004
0.01953577995300293
0.019160032272338867
0.024518966674804688
0.020286083221435547
0.02013397216796875
0.021589994430541992
0.022175073623657227
0.022430896759033203
0.020600080490112305
0.017997026443481445
0.01897597312927246
0.02166008949279785
0.02569293975830078
0.03409314155578613
0.02106189727783203
0.02191781997680664
0.021551132202148438
0.01888108253479004
0.018233060836791992
0.021497011184692383
0.02254796028137207
0.029584884643554688
0.02290797233581543
0.05109691619873047
0.03966975212097168
0.02585911750793457
0.02919483184814453
0.044203996658325195
0.034230947494506836
0.029804229736328125
0.026202917098999023
0.02890300750732422
0.0243380069732666
0.021712064743041992
0.025934696197509766
0.026616811752319336
0.028178930282592773
0.03916621208190918
0.026058435440063477
0.025825977325439453
0.027270793914794922
0.03137803077697754
0.03687930107116699
0.027081966400146484
0.05919313430786133
0.03059077262878418
0.02532505989074707
0.056411027908325195
0.024265050888061523
0.022908926010131836
0.03057694435119629
0.037034034729003906
0.021837949752807617
0.021829843521118164
0.020534038543701172
0.025770187377929688
0.019656896591186523
0.021820068359375
0.01948404312133789
0.022778987884521484
0.018531084060668945
0.01989293098449707
0.019533872604370117
0.022166013717651367
0.01845407485961914
0.022242069244384766
0.01839613914489746
0.020888805389404297
0.019069910049438477
0.022278785705566406
0.020763874053955078
0.018093109130859375
0.01992011070251465
0.024392127990722656
0.02175307273864746
0.024687767028808594
0.02706599235534668
0.018098115921020508
0.024847745895385742
0.023726940155029297
0.020160913467407227
0.027205228805541992
0.025428295135498047
0.02079606056213379
0.023396015167236328
0.033004045486450195
0.02091073989868164
0.020802021026611328
0.0186159610748291
0.022364139556884766
0.035305023193359375
0.019678831100463867
0.02025628089904785
0.01759791374206543
0.018330097198486328
0.018384933471679688
0.0195620059967041
0.01849961280822754
0.024487018585205078
0.03534984588623047
0.017980098724365234
0.01995086669921875
0.0211029052734375
0.027168989181518555
0.02422809600830078
0.02761697769165039
0.018156051635742188
0.03412604331970215
0.036416053771972656
0.02040696144104004
0.02112412452697754
0.021895885467529297
0.01802968978881836
0.02167510986328125
0.018152952194213867
0.018410921096801758
0.033117055892944336
0.020020008087158203
0.021533966064453125
0.01949000358581543
0.018314838409423828
0.018168926239013672
0.033666133880615234
0.0181581974029541
0.017718791961669922
0.01985311508178711
0.022979021072387695
0.020561933517456055
0.017360687255859375
0.017552852630615234
0.017753124237060547
0.01747608184814453
0.0258028507232666
0.02153301239013672
0.018774747848510742
0.017808198928833008
0.018555164337158203
0.01833486557006836
0.021085023880004883
0.017967939376831055
0.02184915542602539
0.022223711013793945
0.017817974090576172
0.01813507080078125
0.01789402961730957
0.01815509796142578
0.018093109130859375
0.01852893829345703
0.020920991897583008
0.02612137794494629
0.01789689064025879
0.019912004470825195
0.01866292953491211
0.02507615089416504
0.01734304428100586
0.017279863357543945
0.017745018005371094
0.01871800422668457
0.018388032913208008
0.027558326721191406
0.02020716667175293
0.018284082412719727
0.017998218536376953
0.01841592788696289
0.031049013137817383
0.018826961517333984
0.01849508285522461
0.026466846466064453
0.02210402488708496
0.02301311492919922
0.06503677368164062
0.02408766746520996
0.021641016006469727
0.01958775520324707
0.02712082862854004
0.022085189819335938
0.022983074188232422
0.02437305450439453
0.02542901039123535
0.02923893928527832
0.0251309871673584
0.02235698699951172
0.023863792419433594
0.024987220764160156
0.018568992614746094
0.020852327346801758
0.018754005432128906
0.018838882446289062
0.018415212631225586
0.01958298683166504
0.02166008949279785
0.04046201705932617
0.03282427787780762
0.019086122512817383
0.018652915954589844
0.01761794090270996
0.020659208297729492
0.026041746139526367
0.018394947052001953
0.01880025863647461
0.02182769775390625
0.023173809051513672
0.02010798454284668
0.018748044967651367
0.020251989364624023
0.019234657287597656
0.021548032760620117
0.02451801300048828
0.018639087677001953
0.018372774124145508
0.018841028213500977
0.022390127182006836
0.02519083023071289
0.020591259002685547
0.027276992797851562
0.019433975219726562
0.018909215927124023
0.024465084075927734
0.021147966384887695
0.019743919372558594
0.023808956146240234
0.027906179428100586
0.01789093017578125
0.024036884307861328
0.031659841537475586
0.021676063537597656
0.02049994468688965
0.0318148136138916
0.024013996124267578
0.03960084915161133
0.02114105224609375
0.022320270538330078
0.01795506477355957
0.018861770629882812
0.020076990127563477
0.021814823150634766
0.02218008041381836
0.018280982971191406
0.018492937088012695
0.02095484733581543
0.017892837524414062
0.02301621437072754
0.027313947677612305
