0.04068708419799805
0.04484128952026367
0.017188072204589844
0.018406152725219727
0.018632888793945312
0.020483970642089844
0.019602060317993164
0.0186460018157959
0.019152164459228516
0.022541046142578125
0.017667055130004883
0.01931285858154297
0.018449783325195312
0.032379150390625
0.0181429386138916
0.020674943923950195
0.017798900604248047
0.01800704002380371
0.018436908721923828
0.020446062088012695
0.019117116928100586
0.02003788948059082
0.017300844192504883
0.01724696159362793
0.01988387107849121
0.02939009666442871
0.018970727920532227
0.016764163970947266
0.017712831497192383
0.018777847290039062
0.017417192459106445
0.017683982849121094
0.017277956008911133
0.018898963928222656
0.018056869506835938
0.024177074432373047
0.02211618423461914
0.017393827438354492
0.016798019409179688
0.01733088493347168
0.0174257755279541
0.0235288143157959
0.02115774154663086
0.018586158752441406
0.017342805862426758
0.0181729793548584
0.017972946166992188
0.01918792724609375
0.017778873443603516
0.01747608184814453
0.01767706871032715
0.017838001251220703
0.025567054748535156
0.0179898738861084
0.01807570457458496
0.026620149612426758
0.021487951278686523
0.019495010375976562
0.019582033157348633
0.017965078353881836
0.019620895385742188
0.017800092697143555
0.021795034408569336
0.017767906188964844
0.021261215209960938
0.018205881118774414
0.023890972137451172
0.024582862854003906
0.017599105834960938
0.02046489715576172
0.01837301254272461
0.017531156539916992
0.017799854278564453
0.01755499839782715
0.01742100715637207
0.018233060836791992
0.017904996871948242
0.023527860641479492
0.01813197135925293
0.018030166625976562
0.017680883407592773
0.01836705207824707
0.017789125442504883
0.019265174865722656
0.018087148666381836
0.017280101776123047
0.01923990249633789
0.017603158950805664
0.024399995803833008
0.017868995666503906
0.019379377365112305
0.016842126846313477
0.01760101318359375
0.017986059188842773
0.01753401756286621
0.01754593849182129
0.017238140106201172
0.018168926239013672
0.017765045166015625
0.017636775970458984
0.042582035064697266
0.01724386215209961
0.017548084259033203
0.017393827438354492
0.021533966064453125
0.03521108627319336
0.0172879695892334
0.01774001121520996
0.01751399040222168
0.025403738021850586
0.01752305030822754
0.017160892486572266
0.017607927322387695
0.016933679580688477
0.016946792602539062
0.029642820358276367
0.021577835083007812
0.01745891571044922
0.01755809783935547
0.01748204231262207
0.021318912506103516
0.01708984375
0.01724410057067871
0.017933130264282227
0.017441987991333008
0.023101806640625
0.021511316299438477
0.018741130828857422
0.01791095733642578
0.01853013038635254
0.01797199249267578
0.026961088180541992
0.017743825912475586
0.024338722229003906
0.017014026641845703
0.01735401153564453
0.019845962524414062
0.023715972900390625
0.017412900924682617
0.01781773567199707
0.019043922424316406
0.021246910095214844
0.017153024673461914
0.01836371421813965
0.01940178871154785
0.023056983947753906
0.021538972854614258
0.018115997314453125
0.018017053604125977
0.01753377914428711
0.018110036849975586
0.025954008102416992
0.02039790153503418
0.01820993423461914
0.01819014549255371
0.01836872100830078
0.026874065399169922
0.020250797271728516
0.01804065704345703
0.017746925354003906
0.02805018424987793
0.01801133155822754
0.021472930908203125
0.029612064361572266
0.01771402359008789
0.017414093017578125
0.02050185203552246
0.018862247467041016
0.01767897605895996
0.01785588264465332
0.017960309982299805
0.02774977684020996
0.020219087600708008
0.019868135452270508
0.018039226531982422
0.02053666114807129
0.022284746170043945
0.019220829010009766
0.018213272094726562
0.019039154052734375
0.01796102523803711
0.019552946090698242
0.020508766174316406
0.020039796829223633
0.017923831939697266
0.017727136611938477
0.017650365829467773
0.020891904830932617
0.018984317779541016
0.016872167587280273
0.018239974975585938
0.024948835372924805
0.03319287300109863
0.019597768783569336
0.017733097076416016
0.02266693115234375
0.05430102348327637
0.03483891487121582
0.04237985610961914
0.022593021392822266
0.018429994583129883
0.019038915634155273
0.021284818649291992
0.022359848022460938
0.017441987991333008
0.01897907257080078
0.0172421932220459
0.017381906509399414
0.018448829650878906
0.028413057327270508
0.017933130264282227
0.018489837646484375
0.020087003707885742
0.030566930770874023
0.017700910568237305
0.01784992218017578
0.017766237258911133
0.01737380027770996
0.0187530517578125
0.032738685607910156
0.018438339233398438
0.026206254959106445
0.023003101348876953
0.023392915725708008
0.020020008087158203
0.01715397834777832
0.017255067825317383
0.018199920654296875
0.020073890686035156
0.017513036727905273
0.018058061599731445
0.01798224449157715
0.0184781551361084
0.02982616424560547
0.018557071685791016
0.018447160720825195
0.017300128936767578
0.01756119728088379
0.02655482292175293
0.019104957580566406
0.017606735229492188
0.03667783737182617
0.017692089080810547
0.018397092819213867
0.017849206924438477
0.020979881286621094
0.017526865005493164
0.020566701889038086
0.017728090286254883
0.01975703239440918
0.01767587661743164
0.01802992820739746
0.018008708953857422
0.018330097198486328
0.044014930725097656
0.017995119094848633
0.04864835739135742
0.020740032196044922
0.030436038970947266
0.03632402420043945
0.02125692367553711
0.018306732177734375
0.018377065658569336
0.01769089698791504
0.025646209716796875
0.023469209671020508
0.0183870792388916
0.0184478759765625
0.01866888999938965
0.0217440128326416
0.024112939834594727
0.01731586456298828
0.02027416229248047
0.017741918563842773
0.02251601219177246
0.023255109786987305
0.017754793167114258
0.018049001693725586
0.017734050750732422
0.017856836318969727
0.018342018127441406
0.03241586685180664
0.018542051315307617
0.020978927612304688
0.021091222763061523
0.022919178009033203
0.01932692527770996
0.01861715316772461
0.01745891571044922
0.025466203689575195
0.022850990295410156
0.01851797103881836
0.018065214157104492
0.01848006248474121
0.022796154022216797
0.02239680290222168
0.017396926879882812
0.017441987991333008
0.017629146575927734
0.018364906311035156
0.018526077270507812
0.030219078063964844
0.021357059478759766
0.018113136291503906
0.02282404899597168
0.021863937377929688
0.017660140991210938
0.017731904983520508
0.01771092414855957
0.01721477508544922
0.018313169479370117
0.02936410903930664
0.0186769962310791
0.017956018447875977
0.027848005294799805
0.024209976196289062
0.018173933029174805
0.018797874450683594
0.020256996154785156
0.022660017013549805
0.020512104034423828
0.018039941787719727
0.017797231674194336
0.017943859100341797
0.018344879150390625
0.03107285499572754
0.017963647842407227
0.017403841018676758
0.01883077621459961
0.018442869186401367
0.027718067169189453
0.01836395263671875
0.018049955368041992
0.017452001571655273
0.01815199851989746
0.03006267547607422
0.020380258560180664
0.01744675636291504
0.01818704605102539
0.03732609748840332
0.0211641788482666
0.017717838287353516
0.018607139587402344
0.018023967742919922
0.02387690544128418
0.028500080108642578
0.018191099166870117
0.017640352249145508
0.018327951431274414
0.0444180965423584
0.020704984664916992
0.01790904998779297
0.017358064651489258
0.017508983612060547
0.019031763076782227
0.017848968505859375
0.01955890655517578
0.017882108688354492
0.02127838134765625
0.022569894790649414
0.017283201217651367
0.01837897300720215
0.017277002334594727
0.01815032958984375
0.03167390823364258
0.017824172973632812
0.018532276153564453
0.018660783767700195
0.023650646209716797
0.017187118530273438
0.021828651428222656
0.018638134002685547
0.017639875411987305
0.017899036407470703
0.01798415184020996
0.018028736114501953
0.027233123779296875
0.017343997955322266
0.01747918128967285
0.01830911636352539
0.018078088760375977
0.017628908157348633
0.017309904098510742
0.01855301856994629
0.017436742782592773
0.01752305030822754
0.021111011505126953
0.02242302894592285
0.017668724060058594
0.018717050552368164
0.017876148223876953
0.019703149795532227
0.017854928970336914
0.0189361572265625
0.01874089241027832
0.01791214942932129
0.0284578800201416
0.018053770065307617
0.01780104637145996
0.017711877822875977
0.023885011672973633
0.02403998374938965
0.018512248992919922
0.017941951751708984
0.018162965774536133
0.019697904586791992
0.026218175888061523
0.017735004425048828
0.020832061767578125
0.01868295669555664
0.024206876754760742
0.021274089813232422
0.0178067684173584
0.018029212951660156
0.018646955490112305
0.02083611488342285
0.026608943939208984
0.019320964813232422
0.019635915756225586
0.017820119857788086
0.024266958236694336
0.02314591407775879
0.01830768585205078
0.02050018310546875
0.01818108558654785
0.021445035934448242
0.022799253463745117
0.017859935760498047
0.01756000518798828
0.017940998077392578
0.01950812339782715
0.024344205856323242
0.02017998695373535
0.017619848251342773
0.018291234970092773
0.018039703369140625
0.017857074737548828
0.01812601089477539
0.023135900497436523
0.017817258834838867
0.029793977737426758
0.022433042526245117
0.022774219512939453
0.01808786392211914
0.017563819885253906
0.02089691162109375
0.02832818031311035
0.01796412467956543
0.017720937728881836
0.017599821090698242
0.02072286605834961
0.02800893783569336
0.017992734909057617
0.017748117446899414
0.020473003387451172
0.02359795570373535
0.021682024002075195
0.01826620101928711
0.018139123916625977
0.017781734466552734
0.020457983016967773
0.0379939079284668
0.018594026565551758
0.019292831420898438
0.01917123794555664
0.017731904983520508
0.018865108489990234
0.01772308349609375
0.01805591583251953
0.017483949661254883
0.019876956939697266
0.028642654418945312
0.01772904396057129
0.01824188232421875
0.01762700080871582
0.024103879928588867
0.023318052291870117
0.018538951873779297
0.01737809181213379
0.017308950424194336
0.017828941345214844
0.018764972686767578
0.02524590492248535
0.01769399642944336
0.01772594451904297
0.01861119270324707
0.01771688461303711
0.019191741943359375
0.017665863037109375
0.020087003707885742
0.019089937210083008
0.020821094512939453
0.02417302131652832
0.018433809280395508
0.019021034240722656
0.021727323532104492
0.026365995407104492
0.01787590980529785
0.01813673973083496
0.03872489929199219
