2.5265331268310547
0.018594026565551758
0.036032915115356445
0.018898725509643555
0.017940044403076172
0.01719188690185547
0.020145177841186523
0.018986940383911133
0.02075791358947754
0.019062042236328125
0.021260738372802734
0.023164749145507812
0.018184185028076172
0.020544052124023438
0.019089937210083008
0.018341064453125
0.01959395408630371
0.021426916122436523
0.01836109161376953
0.019208908081054688
0.017580032348632812
0.017916202545166016
0.019465923309326172
0.01836681365966797
0.019201993942260742
0.0194089412689209
0.017238855361938477
0.021007061004638672
0.021106958389282227
0.01963210105895996
0.0202028751373291
0.019713878631591797
0.018182039260864258
0.022521018981933594
0.02573418617248535
0.023339033126831055
0.01796889305114746
0.02047419548034668
0.01924300193786621
0.017237186431884766
0.021047115325927734
0.018063068389892578
0.023535966873168945
0.020489931106567383
0.021342992782592773
0.02064204216003418
0.01845717430114746
0.018539905548095703
0.020370960235595703
0.01781296730041504
0.027663230895996094
0.01834702491760254
0.022736072540283203
0.018146991729736328
0.02006387710571289
0.019617080688476562
0.02228689193725586
0.023809194564819336
0.0196990966796875
0.020380735397338867
0.02022695541381836
0.017819881439208984
0.020788908004760742
0.02369999885559082
0.01960015296936035
0.03520059585571289
0.019362926483154297
0.02228093147277832
0.02291703224182129
0.027693748474121094
0.01819610595703125
0.017776012420654297
0.020918846130371094
0.020956754684448242
0.030939817428588867
0.018709182739257812
0.019666194915771484
0.020452022552490234
0.018702983856201172
0.0293118953704834
0.033202171325683594
0.01884603500366211
0.029404163360595703
0.017379045486450195
0.017899036407470703
0.01842212677001953
0.018805980682373047
0.018604755401611328
0.022822141647338867
0.01948380470275879
0.01802802085876465
0.019333839416503906
0.023057222366333008
0.019651174545288086
0.03593802452087402
0.017857789993286133
0.02056598663330078
0.02472710609436035
0.023068904876708984
0.018056869506835938
0.02008509635925293
0.020689725875854492
0.020229816436767578
0.01801300048828125
0.022298097610473633
0.02025294303894043
0.021090030670166016
0.021107912063598633
0.022396087646484375
0.018484115600585938
0.02035999298095703
0.020078659057617188
0.02584385871887207
0.019707202911376953
0.029206037521362305
0.019639015197753906
0.02107405662536621
0.020716190338134766
0.018476009368896484
0.02431321144104004
0.01815009117126465
0.020453929901123047
0.018063068389892578
0.019541025161743164
0.024389982223510742
0.01953911781311035
0.02052903175354004
0.020108938217163086
0.018294095993041992
0.019735097885131836
0.018168926239013672
0.019937753677368164
0.01805901527404785
0.0190579891204834
0.01918482780456543
0.02236771583557129
0.018524169921875
0.020676851272583008
0.016872167587280273
0.026407957077026367
0.019344806671142578
0.030021190643310547
0.03506588935852051
0.018533945083618164
0.0194699764251709
0.023112058639526367
0.01819014549255371
0.023161888122558594
0.022197961807250977
0.021867036819458008
0.02420496940612793
0.022429943084716797
0.0238800048828125
0.028483152389526367
0.022385835647583008
0.020973920822143555
0.021586894989013672
0.018310070037841797
0.021708011627197266
0.021029949188232422
0.019269227981567383
0.017663002014160156
0.017273902893066406
0.018669843673706055
0.01894664764404297
0.02976202964782715
0.01844191551208496
0.023013830184936523
0.017274141311645508
0.020103931427001953
0.01877903938293457
0.018413782119750977
0.019613265991210938
0.0175778865814209
0.018094778060913086
0.019643306732177734
0.017841100692749023
0.01770329475402832
0.0181429386138916
0.01784205436706543
0.021976947784423828
0.01718616485595703
0.017403841018676758
0.018352270126342773
0.020022153854370117
0.022207975387573242
0.023352861404418945
0.01726984977722168
0.020492076873779297
0.019423961639404297
0.022442102432250977
0.018116235733032227
0.017693042755126953
0.021964073181152344
0.022057056427001953
0.024207115173339844
0.021165847778320312
0.01884317398071289
0.01724386215209961
0.017267942428588867
0.01809096336364746
0.02155017852783203
0.01796889305114746
0.018823862075805664
0.020566225051879883
0.017802953720092773
0.021342992782592773
0.023086071014404297
0.019313812255859375
0.019484996795654297
0.019456148147583008
0.01990199089050293
0.022475004196166992
0.01826620101928711
0.022180795669555664
0.018285036087036133
0.027806997299194336
0.027836322784423828
0.023076772689819336
0.02175116539001465
0.018818140029907227
0.018504858016967773
0.022125959396362305
0.017690181732177734
0.018826007843017578
0.0181276798248291
0.0199587345123291
0.01866602897644043
0.01867818832397461
0.02081608772277832
0.018452882766723633
0.02619004249572754
0.018416166305541992
0.022861003875732422
0.021867752075195312
0.022696256637573242
0.023066997528076172
0.020410776138305664
0.01836395263671875
0.02126169204711914
0.026028871536254883
0.021700143814086914
0.019082069396972656
0.021235942840576172
0.019372940063476562
0.017842769622802734
0.02499103546142578
0.022863149642944336
0.022591114044189453
0.017084121704101562
0.01833486557006836
0.020917177200317383
0.017971038818359375
0.035546064376831055
0.02051258087158203
0.01793694496154785
0.017911911010742188
0.020936965942382812
0.01906585693359375
0.018238067626953125
0.020753860473632812
0.018491268157958984
0.018594741821289062
0.021069049835205078
0.018483400344848633
0.01984381675720215
0.021779298782348633
0.03221583366394043
0.01922917366027832
0.018416166305541992
0.0202639102935791
0.018578052520751953
0.017850875854492188
0.02074885368347168
0.023680925369262695
0.020647764205932617
0.0231781005859375
0.021723270416259766
0.01865696907043457
0.02983713150024414
0.03211212158203125
0.020648956298828125
0.02080392837524414
0.018104076385498047
0.01960897445678711
0.01740288734436035
0.026627063751220703
0.019553184509277344
0.01857304573059082
0.019829988479614258
0.017139911651611328
0.01710200309753418
0.01923370361328125
0.017442703247070312
0.020973920822143555
0.017245769500732422
0.01780414581298828
0.019068002700805664
0.016835927963256836
0.01791524887084961
0.02588486671447754
0.020903348922729492
0.021879196166992188
0.02056288719177246
0.017696142196655273
0.02035689353942871
0.0173490047454834
0.018873929977416992
0.018011093139648438
0.019000768661499023
0.02002096176147461
0.020956993103027344
0.01772904396057129
0.01906895637512207
0.018339157104492188
0.024605989456176758
0.022881746292114258
0.019588232040405273
0.01895308494567871
0.020536184310913086
0.02634406089782715
0.01940608024597168
0.060559749603271484
0.022488117218017578
0.017325878143310547
0.018384218215942383
0.019665956497192383
0.018576860427856445
0.028161048889160156
0.019397974014282227
0.018364906311035156
0.02122330665588379
0.020020008087158203
0.02212977409362793
0.01809525489807129
0.018918752670288086
0.01768803596496582
0.017155170440673828
0.020230770111083984
0.03009796142578125
0.0277249813079834
0.019702911376953125
0.01986098289489746
0.02959299087524414
0.025351285934448242
0.019423246383666992
0.019282102584838867
0.024343013763427734
0.023862838745117188
0.030849933624267578
0.024396896362304688
0.024096965789794922
0.024036169052124023
0.024262189865112305
0.02231597900390625
0.024528980255126953
0.0185239315032959
0.022011280059814453
0.019722938537597656
0.018049001693725586
0.030155181884765625
0.021058082580566406
0.017628908157348633
0.01913309097290039
0.01855301856994629
0.025639057159423828
0.02127385139465332
0.01839590072631836
0.03068399429321289
0.017854928970336914
0.020531892776489258
0.020862102508544922
0.022230863571166992
0.020908117294311523
0.021957874298095703
0.03187680244445801
0.01867198944091797
0.019001007080078125
0.019486188888549805
0.0231931209564209
0.018800020217895508
0.017602920532226562
0.025873184204101562
0.021982908248901367
0.0204470157623291
0.022814035415649414
0.024065017700195312
0.021421194076538086
0.0381009578704834
0.028666973114013672
0.02672600746154785
0.027100086212158203
0.029340744018554688
0.024651050567626953
0.032135009765625
0.029706954956054688
0.024499893188476562
0.026931047439575195
0.026964902877807617
0.023890972137451172
0.02254796028137207
0.024940967559814453
0.022926807403564453
0.02235126495361328
0.02453470230102539
0.035088300704956055
0.02694392204284668
0.02561187744140625
0.021561861038208008
0.029345989227294922
0.0198361873626709
0.0242159366607666
0.023999929428100586
0.020588159561157227
0.02165508270263672
0.018188953399658203
0.01828479766845703
0.02458500862121582
0.018365144729614258
0.01833796501159668
0.02242565155029297
0.026266813278198242
0.019064664840698242
0.029970169067382812
0.019689321517944336
0.031603097915649414
0.020010948181152344
0.01928400993347168
0.02044510841369629
0.01863884925842285
0.02028179168701172
0.020112276077270508
0.018317222595214844
0.01821613311767578
0.018959999084472656
0.02090001106262207
0.019149065017700195
0.01851511001586914
0.019983768463134766
0.02039313316345215
0.018796920776367188
0.021796226501464844
0.01814103126525879
0.02165699005126953
0.02109384536743164
0.01816725730895996
0.02575206756591797
0.018045902252197266
0.025164127349853516
0.018466949462890625
0.019182682037353516
0.01954197883605957
0.024688243865966797
0.018193960189819336
0.017825841903686523
0.021067142486572266
0.022436857223510742
0.018746137619018555
0.02070903778076172
0.019073009490966797
0.018380165100097656
0.022163867950439453
0.020678997039794922
0.021880149841308594
0.017815828323364258
0.018484830856323242
0.022058963775634766
0.0180208683013916
0.020036935806274414
0.023970842361450195
0.02211284637451172
0.02175307273864746
0.02131795883178711
0.019441843032836914
0.018574237823486328
0.021245241165161133
0.02231597900390625
0.019450902938842773
0.020912885665893555
0.020390748977661133
0.018986940383911133
0.02254199981689453
0.016902923583984375
0.018120765686035156
0.027089834213256836
0.017994165420532227
0.019932985305786133
0.01813507080078125
0.0190279483795166
0.02267289161682129
0.018269777297973633
0.020421981811523438
0.019294023513793945
0.02210402488708496
0.021876811981201172
0.018107891082763672
0.020264148712158203
0.018630266189575195
0.023318052291870117
0.02179408073425293
