0.5958492755889893
0.4284181594848633
0.024219989776611328
0.022227048873901367
0.016585826873779297
0.018407106399536133
0.016458988189697266
0.01747584342956543
0.019623994827270508
0.016283273696899414
0.016117572784423828
0.016875028610229492
0.016424894332885742
0.01811814308166504
0.017034053802490234
0.018061161041259766
0.017078638076782227
0.017457008361816406
0.01991581916809082
0.021395206451416016
0.017908334732055664
0.01725292205810547
0.01858210563659668
0.016383886337280273
0.018826961517333984
0.03005075454711914
0.024544954299926758
0.017020225524902344
0.01739788055419922
0.01658487319946289
0.019465923309326172
0.016770124435424805
0.017145872116088867
0.017804861068725586
0.018784761428833008
0.021389245986938477
0.016937255859375
0.02593827247619629
0.06300783157348633
0.02476215362548828
0.016625165939331055
0.01748800277709961
0.017089128494262695
0.02278304100036621
0.01694512367248535
0.016957998275756836
0.01947808265686035
0.016681909561157227
0.018500089645385742
0.01883983612060547
